transaction_id,timestamp,amount,account_number,beneficiary_id,scheme,region
TXN00001,2025-01-01 08:00:00,5000,ACC12345,AADH1234567,NREGA,North
TXN00002,2025-01-01 09:15:00,3500,ACC23456,AADH2345678,PDS,South
TXN00003,2025-01-01 10:30:00,750000,ACC34567,AADH3456789,Pension,East
TXN00004,2025-01-01 11:45:00,4200,ACC45678,AADH4567890,Health,West
TXN00005,2025-01-01 13:00:00,2800,ACC56789,AADH5678901,Education,Central
TXN00006,2025-01-01 14:15:00,650000,ACC67890,AADH6789012,NREGA,North
TXN00007,2025-01-01 15:30:00,3100,ACC78901,AADH7890123,PDS,South
TXN00008,2025-01-01 16:45:00,5500,ACC89012,AADH8901234,Pension,East
TXN00009,2025-01-01 18:00:00,800000,ACC90123,AADH9012345,Health,West
TXN00010,2025-01-01 19:15:00,4000,ACC01234,AADH1012345,Education,Central
